SKILL_BREAKDANCING
50848711
40249492
37388518
17784796
1956
1950
1910
1907
1839
1821
1794
1784
1783
1665
1637
1633
1614
1569
1568
1560
1497
1494
1474
1474
1445
1443
1440
1409
1394
1383
1357
1346
1335
1312
1309
1274
1271
1260
1216
1198
1181
1169
1169
1131
1067
1062
1037
1000
995
974
904
901
866
808
808
773
768
765
759
717
698
665
656
649
642
629
617
610
598
534
533
527
489
480
477
471
466
453
444
441
413
402
376
290
275
258
242
222
216
212
171
170
147
136
128
114
76
54
54
23
time taken: 38

SKILL_APICULTURE
80793046
75490371
20774929
11140628
1995
1984
1954
1924
1865
1789
1780
1777
1765
1721
1714
1711
1707
1677
1639
1618
1603
1594
1583
1546
1543
1538
1533
1512
1512
1509
1490
1479
1478
1472
1447
1416
1411
1331
1316
1283
1279
1270
1268
1267
1171
1164
1150
1131
1080
1072
1033
1013
1009
995
969
951
933
922
920
920
917
896
878
860
847
833
795
785
778
770
768
734
722
684
662
607
503
464
457
438
356
264
262
261
239
236
230
182
163
156
138
133
102
99
85
30
21
14
7
4
time taken: 42

SKILL_BASKET
81951685
68444003
38227558
12341507
1983
1975
1958
1941
1939
1933
1923
1919
1889
1884
1884
1855
1827
1794
1773
1758
1725
1711
1701
1670
1655
1592
1573
1568
1558
1537
1515
1507
1476
1462
1454
1408
1394
1375
1236
1211
1208
1193
1142
1134
1108
1105
1092
1071
1040
1026
1026
965
940
865
845
807
799
723
670
668
652
634
624
620
603
549
545
531
499
495
465
444
444
411
404
398
367
348
344
332
317
310
247
243
238
216
172
165
162
160
134
122
121
89
65
63
56
49
27
16
time taken: 31

SKILL_XBASKET
81947587
80183545
59603541
47040650
1973
1959
1954
1894
1869
1867
1846
1817
1802
1787
1771
1747
1702
1694
1692
1645
1640
1620
1599
1583
1581
1569
1537
1533
1506
1482
1479
1449
1432
1432
1431
1427
1417
1398
1379
1368
1357
1309
1290
1268
1261
1217
1199
1190
1172
1145
1121
1093
1046
1043
1008
1006
996
947
826
808
801
784
775
745
693
690
675
653
649
639
617
611
601
600
542
438
435
409
385
384
369
347
345
302
296
260
239
233
201
165
133
119
112
110
66
41
41
36
15
6
time taken: 29

SKILL_SWORD
93979175
84824933
67205804
29549102
1998
1974
1949
1916
1909
1850
1830
1827
1785
1780
1733
1729
1690
1670
1625
1579
1568
1559
1527
1495
1485
1480
1458
1455
1451
1449
1435
1397
1354
1324
1312
1300
1293
1280
1265
1229
1227
1221
1218
1189
1188
1174
1169
1144
1139
1102
1068
1065
1050
1002
939
906
878
873
852
847
830
809
804
794
788
758
739
730
709
706
661
657
639
602
582
543
528
520
520
520
504
493
493
490
479
426
403
323
230
218
217
198
194
180
153
136
135
122
91
24
time taken: 34

TOTAL_XP
331951343
286803871
252029741
208984626
7875
7418
7313
7087
6936
6786
6699
6552
6497
6465
6464
6464
6389
6382
6370
6305
6249
6226
6181
6143
6045
6028
6004
5932
5803
5790
5756
5712
5670
5655
5619
5564
5564
5557
5489
5290
5272
5261
5246
5223
5129
5124
5111
5087
5075
5067
5006
4941
4937
4894
4738
4701
4689
4646
4636
4634
4556
4526
4517
4489
4430
4411
4315
4293
4253
4253
4232
4216
4189
4177
4165
4114
4058
4037
3973
3882
3807
3732
3728
3572
3507
3391
3368
3359
3338
3334
3265
3218
3120
3090
3017
2964
2933
2927
2325
2144
time taken: 28

total time taken: 204